0.2,10000,Sigmoid,-1
1, 1, 1, 1
#
0.4575566640029855, 0.41708456379493997, 0.5490378041127656, 0.3837785187001219, 0.8448202199706437
-0.614354781449473, -0.38941913358844926, 1.304934255799844, 0.9427373838217533, 1.1263139253112875
0.18744026827953908, 0.2537689340141722, 0.34021898700643094, 0.15320932510365823, 0.10128809009978791
0.5950331903529358, 0.3532341354405276, 0.6030976237561352, 0.9645962201212883, 0.9777506921186427
#
0.26412163091002044, -1.8515853301135157, -0.22518739029688087, 0.38497949599477477, 0.6819023623363416
0.4768307213559608, 0.4636841465864586, 0.1257578857089317, 0.2142359122480506, 1.341176885604287
0.2412493024474459, 1.4013961380451347, -0.05347316405553658, -0.14366701265072976, 1.3959676702177481
