0.2,10000,Sigmoid,-1
1, 1, 1, 1
#
-0.7987890142688935, -0.3596758831357808, 1.5398372704216314, 0.7011768731406215, 0.7886667644081395
0.4771183998632632, 0.6712696770365635, 0.795707283796037, 0.0946642664463764, 0.02244962943287107
0.8694575744132046, 0.45640534994131987, 0.7715110082445792, 0.003374781125611776, 0.43821044324982666
0.6940142647045103, 0.20940680850582594, 0.937657050832594, 0.9003277384109287, 0.03645071847386983
#
-2.1266237760565097, 0.06513401590623857, 0.47416883577668106, -0.09466684459729513, 0.6688855454243333
0.474834843386152, -0.13777805349404337, 0.049912132918090144, 0.2724784818627218, 0.6737639854915275
1.3163741116778342, -0.22591462038866728, -0.24510650037284082, 0.0007332911307790999, 0.7610065385428848
