0.001,10000,Sigmoid,-1
1, 1, 1, 1
#
0.4523795535098186, 0.559772386080496, 0.9242105840237294, 0.4656500700997733, 0.5078412730622711
0.587384828849897, 0.18466034385487662, 0.5119086390418055, 0.6298827202168019, 0.7929768725199526
0.09412345622921847, 0.3034012626245255, 0.0906705374918394, 0.8096445343671775, 0.6934384825412391
0.041880336369846005, 0.9821934207987782, 0.9647577811255668, 0.6539225335338404, 0.6155627045785708
#
0.15749409514016244, 0.01500073694960491, 0.5283812661704788, 0.05955110516885498, 0.19020826279792913
0.24194301366521476, 0.03008258922478857, 0.4639344612232845, 0.4405311166566568, 0.842427128518532
0.5191241147640767, 0.6402917079191771, 0.49977315220679164, 0.6624495318903681, 0.4573298815995577

erro