0.7,10000,Sigmoid,-1
1, 1, 1, 1
#
0.07742178385330412, 0.2136167894649883, 0.3031283371027854, 0.9002136829331141, 0.496252492251408, 0.7202405708920231, 0.10023536775052821, 0.5089270571644685, 0.843072928913403, 0.5227993107629365, 0.9447007551242456, 0.8818001335022669, 0.37096067220875817, 0.0007460977316615658
0.7552671863253031, 0.12640920672312728, 0.009410839419584538, 0.7306841520443098, 0.8428419545513766, 0.8365775293695183, 0.9534359121701709, 0.20167024766100394, 0.08150076370083315, 0.1207500624295954, 0.9777456784655486, 0.11192539876458096, 0.1595424297366823, 0.020099590952608604
0.049332253052356334, 0.03826658841634378, 0.35303238203217613, 0.16326832374934208, 0.3096746931108091, 0.9288102052539051, 0.16748220871866992, 0.8143563033084718, 0.738357426965895, 0.5685220478174767, 0.5756949490486563, 0.7701443883265706, 0.5870938844249582, 0.22929547196931888
0.32947820483656054, 0.24401322501113798, 0.4006436827879557, 0.987261737058479, 0.4267519317316848, 0.06964097018024018, 0.4767458141529326, 0.8126876814673838, 0.4455506366707763, 0.7023014798118071, 0.09090518104548317, 0.06240416416744454, 0.6617454086236315, 0.04826569223402488
#
0.30200789977276776, 0.3846227977866783, 0.19351366601469544, 0.03636473037084842, 0.006738442960124047
0.951629150841476, 0.6887011924931018, 0.9517923694890936, 0.4917063674230667, 0.9544144491555822
0.8625472132092341, 0.6180297383879314, 0.5251604212155929, 0.5086691694942269, 0.22546343791118306

erro