0.7,10000,Sigmoid,-1
1, 1, 1, 1
#
0.44753680502285592, 1.040462821610364, 1.2775802685660111, 0.26817116857083412, 1.0961443854176713, 0.86481763460863792, 0.80458554930293946, 0.26596170004903197, 0.20691984484598613, 0.64998867666593851, 0.980552493486198, 0.47656201224403399, 0.57922329327655075, -0.059711236340105243
1.1180228897694955, 0.49889054246643016, -2.493204229617441, 3.69875069852614, -1.9663220539681863, 1.1604403779369519, -0.46521264806743889, -0.020259142100599616, -0.28304002409956142, -0.65232884292617599, 0.58893005783124797, -1.0311115933400172, 0.99632978361972147, 1.1420786498972453
6.3804458230077374, 0.033465144563016733, 1.2912271914600304, -2.3708485990271839, 0.51848936654303224, 3.3357716691439929, 1.4242597343681385, 0.90023344925029203, 0.011729890583244473, -0.86070422186614703, -2.1840425082161228, 1.0964698869932046, -0.17438274413551813, 4.7240581940637778
0.50930534718003273, 1.2300076661821768, 0.61908830252737501, 0.93478304914327559, 1.1238308169115716, 0.42308614617729101, 0.74414504914623569, 1.1306320995108976, 0.74540495100362658, 0.6354151379096532, 0.53555552195986267, 1.0241274654211556, 0.38554604526600422, 0.15357258420813852
#
1.3600948860998674, -0.51382634360957313, -5.3712402351776989, 1.3730782967740454, -0.016668200846777975
-0.68270768402228643, -2.14917644074499, 4.2814618663647215, -0.57754845386434672, 1.6711939955593473
-0.83301794134446916, 2.967362911836029, 0.44562469347518563, -0.12655420490032473, 0.85521324900856011

erro