0.7,10000,Sigmoid,-1
1, 1, 1, 1
#
0.66812276839994578, 0.82931236968987121, 0.95944654205826085, 0.91690904509286364, 0.92950483143757689, 1.0316215275699221, 0.13503461703024902, 0.55437387131851223, 1.0361083597967513, 0.78399827466392025, 0.99021876473012149, 0.21825873934418208, 0.54941246411555855, 0.047231828759258646
1.0858634390858954, 0.70981143929465651, 0.11370410231067386, 0.32432147131515143, 0.39415294898889258, 1.2059339994225999, 0.99417750672013605, 0.3371715675738412, 0.96207587593859567, 0.18165328385591928, 0.55432942306486865, 0.34890556564910918, 0.17434681847904987, 0.5777551274345808
0.20215091979879724, 0.32822112593209068, 1.1633393997975163, 0.88882703895871384, 0.46619925697064363, 1.0331121474998599, 0.60692086021003222, 0.74141662097250827, 0.31353350264510116, 1.0898043107657658, 0.8414169365848978, 1.0456389854331483, 0.95148832061765931, 0.11237766988279076
4.884711921363408, -0.28211794224051034, -3.5222945896321729, 3.5472013763314845, -2.7784355378884569, 1.880539264179826, -0.065043039423685806, 0.69467707877585794, -0.55123693529262163, -0.75473853623048326, -0.69275416527761302, -0.68318059377524432, 0.48205085609211817, 1.7278105770907961
#
1.0051127476493322, -0.55954054861370928, 1.2769643322811606, -4.964019893137861, 0.45483950732198836
0.33386096452467445, 0.22992826490285054, 0.28104510647875453, -0.069654642239917783, 0.99953310115444227
-0.98369255415580359, -0.57212412004999513, -0.82982982870220379, 4.9313668790132628, 1.3214048354605601

erro