0.7,10000,Sigmoid,-1
1, 1, 1, 1
#
2.668070304947133, 0.11678646530579587, -0.44899547954949653, 0.24542609134606944, -0.69141147413083681, 1.6661118161059822, 0.5489288790571567, 0.5536129600002001, 0.64984168589235758, -0.96693813360424208, -0.80275060583907576, 0.23984380743916472, -0.41165261423324079, 1.8821145231302805
0.017987350835856505, 0.31888500477306436, 0.51909711787851565, -0.055639593004233524, 1.1056135460596392, 1.1144163437661452, 0.6430053693002572, 0.21647720445965621, 0.56109148678055421, 1.4385866838630588, 0.22986862441838776, 0.74701201882691604, 0.37996013072029872, 0.34040594103142557
0.8935544604787341, 0.92418891029116179, 0.62765667624891108, 0.83526569963272668, 0.97586256229819113, 0.93560423339151022, 0.4175410495241107, 0.28106711436797355, 1.1825982841717237, 0.59222544894544205, 0.27999209689967547, 1.172704303657325, 0.76750468911654945, 0.33969412706382157
-0.060742764934135732, 0.19241433801065763, -2.2405079731044428, 4.278276197086762, -2.7473751513631122, 0.3197772021543539, -0.48726471903022167, -0.0066433432263118004, -0.68411339764651879, -0.070219586099194417, 1.1051108361266382, -0.80527667910682854, 0.99038442052153308, 0.10041973448154401
#
-2.3170711641556778, 0.80898355119972154, 0.085509276913345311, -0.1767581882307836, -0.15266619322019601
1.6067509934187667, 0.74557072233277777, 0.1012695551196596, -2.6512189021208892, 1.1975203303523934
1.2303050276235155, -1.2016278078316223, -0.447746218542103, 3.389593860710423, 1.6087126633547111

erro2.2222222222222223