0.7,10000,Sigmoid,-1
1, 1, 1, 1
#
1.4273924121745991, 0.78216755448145758, 0.38495026976137747, 0.17984522559166047, 0.62294952876463094, 0.66897120134065724, 0.89767830886063349, 0.43810364534468421, 0.60444195636899645, 0.57074091866914678, 0.65038324071476283, 0.68334246663378606, 0.31863293872528031, 0.60773550106084795
0.71542405749147708, 0.4166701454004616, 1.1114796744304483, 0.91008820516020494, 1.1377248703088514, 1.0487582258662684, 0.4587228023666291, 0.85248116055137757, 1.1098027353983138, 0.88874737786256575, 0.60164239313595613, 0.26696258351303648, 0.57358172181001454, 0.29020904803544018
0.99544840171013604, 1.231723419058895, 0.73496429497591531, 1.0928449949641574, 0.43419663507267697, 0.95011798558228644, 0.71312974523082884, 0.1757775387697893, 0.92101689232582717, 0.63192501671975243, 1.1130364314531975, 0.8491086335816258, 0.21528642247231342, 0.10357003198736892
4.8799190103689059, -0.29361419529231653, -4.5811085570053844, 3.98168271314869, -2.5517206934324417, 2.4842963864213701, 0.32599186111590661, 0.34086058301042055, -0.57388907880862439, -1.3081868343162548, -0.74411000434582664, -0.85396241883973267, 0.47712723536836138, 1.7978814210184837
#
-0.36487227228019503, 0.78992615079097472, 0.87686023538381463, -5.4421885109353756, 0.27210056576293196
0.67683170425904682, 0.5190846676280737, -0.0063899230637432247, -0.22130379400832778, 1.1132867677903591
-0.49846023571678372, -0.87701682941056325, -0.44808728383585605, 5.1140719712187126, 1.5277042590955954
